000000008
000000012
000000029
000000034
000000042
000000045
000000051
000000051
000000059
000000063
000000069
000000072
000000074
000000088
000000094
000000100
000000103
000000138
000000142
000000143
000000147
000000151
000000160
000000182
000000206
000000226
000000246
000000263
000000275
000000284
000000287
000000290
000000309
000000319
000000331
000000335
000000337
000000347
000000351
000000359
000000363
000000366
000000373
000000373
000000378
000000412
000000440
000000485
000000492
000000493
000000495
000000521
000000538
000000541
000000550
000000553
000000592
000000611
000000611
000000625
000000632
000000637
000000639
000000662
000000669
000000670
000000671
000000673
000000674
000000684
000000689
000000700
000000716
000000744
000000793
000000798
000000804
000000849
000000851
000000863
000000885
000000903
000000905
000000908
000000939
000000940
000000944
000000947
000000956
000000982
000000993
000001000
000001003
000001004
000001030
000001037
000001040
000001045
000001055
000001092
000001103
000001112
000001112
000001148
000001149
000001176
000001176
000001177
000001178
000001193
000001195
000001199
000001205
000001209
000001210
000001218
000001227
000001236
000001247
000001247
000001253
000001271
000001289
000001296
000001303
000001318
000001334
000001334
000001335
000001337
000001345
000001363
000001376
000001377
000001411
000001421
000001428
000001489
000001505
000001509
000001511
000001517
000001533
000001536
000001538
000001539
000001549
000001549
000001551
000001565
000001567
000001574
000001578
000001588
000001598
000001600
000001622
000001625
000001633
000001644
000001647
000001657
000001664
000001673
000001676
000001679
000001696
000001722
000001734
000001747
000001774
000001775
000001778
000001779
000001781
000001782
000001792
000001804
000001815
000001820
000001835
000001836
000001847
000001850
000001856
000001864
000001873
000001875
000001876
000001890
000001891
000001903
000001904
000001906
000001919
000001920
000001925
000001932
000001936
000001948
000001963
000001964
000001969
000001971
000001995
000001997
000001998
000002006
000002013
000002022
000002040
000002042
000002047
000002070
000002080
000002082
000002085
000002087
000002098
000002108
000002111
000002148
000002154
000002169
000002174
000002193
000002196
000002197
000002212
000002234
000002242
000002246
000002246
000002257
000002272
000002280
000002294
000002305
000002325
000002325
000002338
000002363
000002374
000002388
000002393
000002394
000002398
000002407
000002409
000002435
000002456
000002471
000002479
000002486
000002491
000002492
000002500
000002504
000002507
000002512
000002514
000002517
000002522
000002527
000002539
000002543
000002545
000002552
000002557
000002562
000002601
000002603
000002610
000002655
000002684
000002688
000002695
000002718
000002724
000002742
000002751
000002753
000002787
000002787
000002793
000002793
000002794
000002802
000002818
000002818
000002823
000002825
000002825
000002837
000002888
000002890
000002895
000002899
000002907
000002914
000002926
000002943
000002948
000002949
000002950
000002955
000002970
000002989
000002991
000002992
000003000
000003009
000003010
000003026
000003033
000003037
000003037
000003053
000003059
000003066
000003137
000003154
000003154
000003174
000003180
000003218
000003229
000003229
000003245
000003250
000003296
000003353
000003359
000003379
000003384
000003389
000003392
000003397
000003402
000003403
000003404
000003408
000003409
000003414
000003415
000003417
000003426
000003434
000003453
000003472
000003475
000003482
000003488
000003495
000003513
000003516
000003521
000003531
000003534
000003545
000003550
000003554
000003558
000003572
000003602
000003608
000003611
000003613
000003628
000003630
000003637
000003640
000003641
000003667
000003669
000003669
000003712
000003721
000003727
000003730
000003731
000003735
000003741
000003742
000003753
000003761
000003765
000003793
000003797
000003809
000003814
000003814
000003820
000003821
000003838
000003843
000003879
000003881
000003891
000003900
000003909
000003915
000003924
000003926
000003938
000003943
000003958
000003971
000003981
000003994
000003998
000004002
000004002
000004006
000004019
000004020
000004037
000004047
000004049
000004063
000004082
000004089
000004128
000004131
000004134
000004156
000004161
000004178
000004183
000004203
000004206
000004216
000004236
000004239
000004256
000004256
000004266
000004269
000004278
000004296
000004311
000004312
000004320
000004326
000004353
000004354
000004354
000004354
000004363
000004366
000004372
000004381
000004383
000004387
000004417
000004420
000004444
000004450
000004452
000004466
000004466
000004467
000004467
000004504
000004514
000004517
000004517
000004525
000004535
000004540
000004543
000004546
000004550
000004551
000004587
000004588
000004590
000004590
000004592
000004596
000004597
000004600
000004613
000004615
000004617
000004630
000004630
000004640
000004646
000004680
000004695
000004698
000004713
000004738
000004764
000004775
000004779
000004789
000004790
000004812
000004824
000004836
000004858
000004868
000004914
000004934
000004936
000004961
000005000
000005006
000005018
000005033
000005039
000005055
000005058
000005070
000005087
000005089
000005090
000005092
000005097
000005107
000005110
000005118
000005119
000005127
000005127
000005130
000005131
000005133
000005137
000005157
000005176
000005183
000005198
000005203
000005206
000005212
000005239
000005265
000005271
000005286
000005295
000005351
000005400
000005406
000005409
000005417
000005418
000005435
000005444
000005464
000005472
000005487
000005501
000005528
000005537
000005537
000005574
000005577
000005594
000005595
000005602
000005616
000005617
000005622
000005631
000005633
000005641
000005646
000005658
000005662
000005672
000005677
000005689
000005703
000005716
000005718
000005720
000005722
000005741
000005747
000005750
000005751
000005778
000005791
000005796
000005799
000005800
000005803
000005816
000005831
000005842
000005844
000005850
000005851
000005892
000005918
000005921
000005924
000005929
000005932
000005940
000005948
000005960
000005982
000005983
000005985
000005995
000005999
000006006
000006017
000006021
000006022
000006027
000006033
000006044
000006053
000006066
000006068
000006083
000006125
000006138
000006151
000006164
000006173
000006175
000006181
000006182
000006199
000006213
000006226
000006254
000006264
000006295
000006298
000006302
000006337
000006342
000006343
000006350
000006372
000006388
000006390
000006414
000006423
000006434
000006443
000006451
000006453
000006457
000006462
000006468
000006469
000006472
000006490
000006493
000006494
000006500
000006503
000006511
000006524
000006550
000006555
000006572
000006590
000006603
000006606
000006619
000006628
000006629
000006638
000006658
000006659
000006661
000006666
000006672
000006686
000006707
000006712
000006725
000006736
000006751
000006804
000006806
000006817
000006818
000006819
000006822
000006824
000006826
000006832
000006860
000006865
000006874
000006876
000006882
000006902
000006917
000006953
000006976
000006983
000006986
000006992
000007001
000007002
000007005
000007037
000007042
000007048
000007055
000007066
000007094
000007095
000007110
000007128
000007142
000007142
000007162
000007163
000007206
000007213
000007225
000007229
000007234
000007235
000007247
000007256
000007258
000007273
000007275
000007281
000007285
000007291
000007294
000007297
000007300
000007316
000007327
000007328
000007355
000007356
000007380
000007385
000007405
000007415
000007459
000007468
000007500
000007503
000007504
000007511
000007517
000007530
000007532
000007539
000007547
000007561
000007583
000007584
000007597
000007607
000007631
000007633
000007638
000007656
000007668
000007686
000007690
000007703
000007729
000007745
000007747
000007762
000007765
000007786
000007789
000007802
000007811
000007814
000007822
000007838
000007851
000007853
000007859
000007864
000007868
000007870
000007875
000007887
000007889
000007889
000007894
000007917
000007924
000007952
000007972
000007989
000008013
000008026
000008027
000008054
000008056
000008070
000008072
000008076
000008083
000008092
000008095
000008095
000008137
000008154
000008159
000008171
000008179
000008209
000008209
000008229
000008231
000008237
000008253
000008272
000008274
000008281
000008284
000008299
000008305
000008314
000008321
000008334
000008344
000008345
000008353
000008358
000008362
000008372
000008373
000008376
000008421
000008440
000008468
000008471
000008514
000008517
000008519
000008524
000008524
000008525
000008559
000008569
000008574
000008586
000008595
000008611
000008628
000008629
000008640
000008645
000008670
000008673
000008674
000008675
000008684
000008684
000008686
000008698
000008698
000008700
000008700
000008707
000008708
000008724
000008729
000008740
000008743
000008744
000008747
000008758
000008762
000008777
000008779
000008785
000008789
000008796
000008821
000008824
000008834
000008835
000008842
000008845
000008877
000008885
000008885
000008894
000008896
000008901
000008904
000008905
000008922
000008922
000008929
000008939
000008941
000008977
000008999
000009026
000009035
000009039
000009040
000009040
000009073
000009077
000009085
000009121
000009139
000009153
000009155
000009157
000009184
000009200
000009212
000009213
000009225
000009228
000009241
000009248
000009248
000009250
000009259
000009264
000009269
000009292
000009301
000009323
000009329
000009329
000009345
000009356
000009356
000009360
000009363
000009375
000009386
000009387
000009391
000009404
000009410
000009410
000009420
000009434
000009440
000009449
000009450
000009486
000009488
000009515
000009522
000009525
000009532
000009533
000009550
000009558
000009566
000009566
000009583
000009586
000009600
000009607
000009641
000009641
000009647
000009654
000009663
000009665
000009674
000009686
000009695
000009713
000009735
000009737
000009744
000009757
000009790
000009798
000009799
000009800
000009801
000009810
000009817
000009826
000009832
000009903
000009907
000009908
000009913
000009917
000009926
000009931
000009961
000009982
